Webots Project File version R2022a
perspectives: 000000ff00000000fd000000030000000000000064000003fffc0100000001fb0000001e00480074006d006c0052006f0062006f007400570069006e0064006f0077010000000000000064000000000000000000000001000001a6000002d1fc0200000001fb0000001400540065007800740045006400690074006f00720100000015000002d10000003e00ffffff0000000300000780000000f9fc0100000001fb0000001a0043006f006e0073006f006c00650041006c006c0041006c006c0100000000000007800000005400ffffff000005d4000002d100000001000000020000000100000008fc00000000
simulationViewPerspectives: 000000ff000000010000000200000148000004860100000006010000000100
sceneTreePerspectives: 000000ff0000000100000002000000c0000000fc0100000006010000000200
maximizedDockId: -1
centralWidgetVisible: 1
orthographicViewHeight: 1
textFiles: -1
globalOptionalRendering: LidarPointClouds::LidarRaysPaths
consoles: Console:All:All
renderingDevicePerspectives: e-puck:camera;1;0.48125;1.35749e-11;0.00374044
